110101000
111111100
110000000
110110100
110111100
110111100
110111100
110100001
011010000
110110101
110110010
110110011
011100001
110011000
011100010
001001011
110010011
110110111
001000111
110010111
110110011
010001111
110101111
110000111
000000000
011110011
110011100
110110110
110101010
110101111
110001110
110010110
110110011
110101011
111111011
001100111
110001011
010001110
110110010
001001011
110010011
110000011
110110111
110101011
111100011
110010011
001100111
110010111
110000011
010011111
110101011
111111011
001100111
010011111
110101011
110110011
110110110
110101111
110000110
110000010
110101011
110011011
001100111
010001110
110101011
111011011
110110010
001101011
110010011
110000011
110110111
110101011
111011011
110010011
001100111
110001011
010011111
110101011
111110111
001100111
010011111
110110011
110110110
110101111
110000110
110101011
110110010
111010111
001101011
110010011
110000011
110110111
110101011
111010011
110010011
001100111
110001011
110001011
010011111
110101011
111110011
110000011
001100111
110001011
010011111
111001111
001100111
010011111
110110011
110110110
110101111
110000110
110101110
110000110
011110010
000100000
110011000
110011000
110101010
110101011
110110111
110101011
110110001
011000000
101001001
101100000
