110101000
110101001
110110101
110101001
110110110
111001010
110010010
110110010
011101010
110110010
110110100
110111100
110111100
110111100
110100000
110110000
110110011
011100011
110000000
110000000
110000000
110111100
110111100
110111100
110110010
110110011
010111011
110110111
110001011
110001011
110001011
110110110
110101010
011001110
111100010
100101010
110110001
110011001
110110101
110010010
010001001
110111100
110111100
110111100
110111100
110011000
110110011
110000011
110110111
110101011
111011111
001100011
110001011
110001011
011001111
110101010
111001010
110010010
111010010
100011110
110001000
110001000
110001000
110110101
001000111
110010111
110001011
110001011
110001011
110110011
110101011
111011111
110010011
111111111
001101101
110110111
000001101
110011000
110101011
111001011
110010011
011000011
110110100
101001000
110011011
110110001
011111101
110011011
110110101
011111101
110110000
110101000
110110001
110101001
110110101
011100001
110110100
110111100
110111100
110111100
110100000
110110000
110110110
110101010
110011010
110011000
001100010
110011100
011001010
111100010
100111110
110110101
110110011
001000111
001000010
110001010
110011010
011101001
110111100
110111100
110000000
110000000
110111100
110111100
110111100
110111100
110110010
110110011
010111011
110110111
110001011
110001011
110001011
110110110
110101010
011001011
111001110
100101010
110110001
110011001
110111100
110111100
110110011
110000011
001100010
110110111
110101011
111001111
011001011
111011011
100100111
110011000
111001011
110010011
100000011
110111100
110111100
110001000
110001000
110110111
110110101
110101011
001000111
110010111
010011111
110011000
111001111
110010011
111111111
011000011
110110100
101001000
110101011
111001011
110010011
111001111
110110001
011111101
101100000
