110111100
110111100
110111100
110100000
110110100
110110001
110110011
110101011
111111111
110000011
000000011
011101101
110011011
110110101
011101101
110101011
001000110
110001010
110101110
110000111
110000010
110010110
110110110
111111010
110010010
110110001
001100110
010001010
110101110
110000111
110110010
111110010
110010010
111110010
110110101
001100110
110001010
110001010
110110110
111110010
110010010
111100010
110110001
001100110
010001010
110101110
110000111
110110010
111101010
110010010
111101010
110110101
001100110
110001010
110110110
111101010
110010010
111100010
110110001
001100110
010001010
110101110
110000111
001000110
110110101
110101101
110001110
110101110
110000111
110110010
110101010
110011010
001100110
110010010
110110110
110110001
110101010
110011010
110010010
001100110
110001010
010011010
111011110
001100110
010011010
110110010
010111011
110101010
111100010
110010010
110110110
110110111
110101010
111111110
110000010
001101110
010011010
110110011
110110010
110110001
011101011
010101101
110011010
110110101
011101011
010101101
110110001
110101010
111100010
001100110
110000010
110010110
110110110
110101010
111111010
110010010
001100110
110010110
010011010
110101010
111111110
110000010
110110101
001100110
110001010
110010010
010011010
110110010
011110010
001000110
110010110
110001010
110101011
110011011
001101111
110110111
110110001
110101001
111100001
110110110
110101010
111010010
110010010
011001111
100111101
010011010
110001001
110101011
011001111
100101001
110000010
010011010
110111100
110111100
110111100
110011000
110110010
011110010
110011000
110110001
111111101
110000001
011000100
110110000
101001000
101100000
